1.655475210363770E+006  5.319752612067839E+006
1.655554044066200E+006  5.319687361199274E+006
1.655533028870546E+006  5.319425817913864E+006
1.655592407042098E+006  5.319546598512818E+006
1.655882550380367E+006  5.319124878544404E+006
1.656133558105566E+006  5.319173460684765E+006
1.655935855784374E+006  5.318827987686641E+006
1.656121412570476E+006  5.318854303012670E+006
1.655939229544121E+006  5.318496009727505E+006
1.656114665050981E+006  5.318512878526242E+006
1.655920741340705E+006  5.317920446314615E+006
1.656280249179378E+006  5.317996963185684E+006
1.656295431098241E+006  5.317529360084706E+006
1.656382878950891E+006  5.317672677398772E+006
1.656545021844347E+006  5.317179568674105E+006
1.656700470093269E+006  5.317295951069726E+006
1.656831049195723E+006  5.316841922798595E+006
1.657010146868385E+006  5.316899852868995E+006
1.656816474553615E+006  5.316546786295900E+006
1.657088534539638E+006  5.316656096111713E+006
1.656950682716363E+006  5.316167845601083E+006
1.657335696178726E+006  5.316272297202859E+006
1.657279581225804E+006  5.315660610678101E+006
1.657376990998032E+006  5.315865421777334E+006
1.658304920825256E+006  5.315293333793919E+006
1.658394786838600E+006  5.315769472050120E+006
1.658996920842895E+006  5.316086453327783E+006
1.659051592489006E+006  5.316089560512001E+006
1.659129746019205E+006  5.315334275480301E+006
1.658995936605174E+006  5.315629854484428E+006
1.659177914410057E+006  5.315337427001435E+006
1.659268895935351E+006  5.315600385800151E+006
1.659611967986057E+006  5.314977971766929E+006
1.659892368608891E+006  5.315190069673944E+006
1.660717005271367E+006  5.313558972061159E+006
1.661072898369580E+006  5.313801626446304E+006
1.660137179921904E+006  5.314290271265029E+006
1.660583663990571E+006  5.314659105930449E+006
